1 0.9983818356252
2 0.6056347937320116
3 0.4344995203070035
4 0.3546114486728494
5 0.3024656220019188
6 0.2591333546530221
7 0.2310489286856412
8 0.2137192196993924
9 0.1978893508154781
10 0.19895107131435882
11 0.18935081547809404
12 0.19859290054365208
13 0.2000319795330988
14 0.19609849696194437
15 0.19716021746082507
16 0.19720498880716342
17 0.192513591301567
18 0.19480972177806205
19 0.1787623920690758
20 0.18772305724336427
21 0.18532779021426288
22 0.18842021106491846
23 0.18950111928365845
24 0.18763991045730732
25 0.1842085065558043
26 0.18720498880716344
27 0.1866869203709626
28 0.18545570834665817
29 0.18521266389510715
30 0.19739366805244646
31 0.19292612727854175
32 0.1894403581707707
