1 1.0008423525628922
2 0.60808461346797
3 0.41923255675716126
4 0.35555008702256546
5 0.2947433196205933
6 0.2508316499114991
7 0.22337003239130493
8 0.21121859618788497
9 0.1960322268383074
10 0.18922965241176162
11 0.182678705789195
12 0.1830153388243838
13 0.17580806557968792
14 0.1928531543870553
15 0.1867343176898042
16 0.1826719300098957
17 0.1900892524128704
18 0.17853778066740808
19 0.17810567074209258
20 0.1852174670966617
21 0.18857332578963237
22 0.18522701478567438
23 0.18582081944426906
24 0.1768364440833433
25 0.18395809611689326
26 0.17735602315961363
27 0.17357575429053124
28 0.17114940932143957
29 0.17489826321377058
30 0.17986768134988307
31 0.18025236082010337
32 0.1819121187584678
