1 1.7170112617536173
2 0.7332024249105373
3 0.45800709009317836
4 0.3940761741283334
5 0.47119844577082437
6 0.37066080541711927
7 0.33805930602374384
8 0.28712042015450995
9 0.2863728783379592
10 0.2885748164177365
11 0.23327415943721572
12 0.2413323851900242
13 0.2628370069633527
14 0.2517493442528594
15 0.2684388213648671
16 0.22854450078298377
17 0.2444906891136193
18 0.24444801699399443
19 0.22201311465927662
20 0.22176303619077756
21 0.20505626340237712
22 0.19769610249020883
23 0.19383789074406285
24 0.19252129282062144
25 0.18127357421957513
26 0.17647756821655775
27 0.17001238767379673
28 0.16957290737201272
29 0.1609276209967243
30 0.16175469457111402
31 0.15519552195090694
32 0.15010052757483713
33 0.14288695460848969
34 0.16241193027404008
35 0.1598341656523178
36 0.1501354024633013
37 0.1527885875755233
38 0.14663402036863607
39 0.1442252430113417
40 0.13803877804061535
41 0.14123252392403174
42 0.13038459062976962
43 0.13019689001055604
44 0.13651590791101403
45 0.1247243678784698
46 0.1266481574575696
47 0.12954107198602283
48 0.11517261793879202
49 0.11842066090465461
50 0.1193568957152939
51 0.11839415031870827
52 0.1214717883417501
53 0.11714871985058804
54 0.11798614247724556
55 0.11535762496905917
56 0.11143816951634201
57 0.10705952803218018
58 0.10946447765781384
59 0.10429519693395858
60 0.10580303967259569
61 0.10384635995478174
62 0.10484568145390291
63 0.10429434632692289
64 0.10340333545701556
65 0.09957220136817307
66 0.09972687008083318
67 0.10047526250441961
68 0.0975620751749486
69 0.09964535357324421
70 0.10565319106647125
71 0.10000289206392142
72 0.09480143004054845
73 0.100710597117633
74 0.09783979837210827
75 0.09301472996203741
76 0.09835739275333842
77 0.09755909805032362
78 0.0949556734496907
79 0.09615970770873968
80 0.09339098180750026
81 0.09457786215799571
82 0.09194906111413077
83 0.09350014304374983
84 0.08645130430665178
85 0.09037742284781536
86 0.08822467820827001
87 0.09065259422386787
88 0.07494216580996363
89 0.08581334902986851
90 0.0909257808501704
91 0.08270920042088035
92 0.08622589344218835
93 0.07890245040039491
94 0.07993976568044452
95 0.0841601942559641
96 0.08229552186584622
