1 12.11143
2 5.171853
3 3.230684
4 2.779729
5 3.323733
6 2.614562
7 2.384598
8 2.025286
9 2.020013
10 2.035545
11 1.645466
12 1.702307
13 1.853996
14 1.775786
15 1.89351
16 1.612104
17 1.724585
18 1.724284
19 1.566033
20 1.564269
21 1.446423
22 1.394506
23 1.367291
24 1.358004
25 1.278665
26 1.244835
27 1.199231
28 1.196131
29 1.135149
30 1.140983
31 1.094716
32 1.058777
33 1.007894
34 1.145619
35 1.127436
36 1.059023
37 1.077738
38 1.034325
39 1.017334
40 0.973696
41 0.996224
42 0.919705
43 0.918381
44 0.962954
45 0.879779
46 0.893349
47 0.913755
48 0.812403
49 0.835314
50 0.841918
51 0.835127
52 0.856836
53 0.826342
54 0.832249
55 0.813708
56 0.786061
57 0.755175
58 0.772139
59 0.735676
60 0.746312
61 0.73251
62 0.739559
63 0.73567
64 0.729385
65 0.702361
66 0.703452
67 0.708731
68 0.688182
69 0.702877
70 0.745255
71 0.705399
72 0.668709
73 0.710391
74 0.690141
75 0.656106
76 0.693792
77 0.688161
78 0.669797
79 0.67829
80 0.65876
81 0.667132
82 0.648589
83 0.65953
84 0.609809
85 0.637503
86 0.622318
87 0.639444
88 0.528626
89 0.605309
90 0.641371
91 0.583413
92 0.608219
93 0.556561
94 0.563878
95 0.593648
96 0.580495
