1 1.8389096015106763
2 0.9217547087590179
3 0.6235897932503752
4 0.47591148985619514
5 0.5361932891105409
6 0.46390354912119297
7 0.3949547281266644
8 0.34488936232024403
9 0.37733016995109664
10 0.3503607224132087
11 0.3190335544472958
12 0.35316903113349146
13 0.32484384835132907
14 0.29990800367985276
15 0.28693168062751173
16 0.2642715344017818
17 0.344937781436111
18 0.4230378153294921
19 0.5104827385851934
20 0.5084491357187817
21 0.5709582143030069
22 0.6143417421197889
23 0.6747687987217353
24 0.7156829516293033
25 0.6685227327748995
26 0.7065801578463177
27 0.7057570328765796
28 0.6928775480559725
29 0.7829855226843558
30 0.7631336851789087
31 0.7777078390548589
32 0.6881808938168789
33 0.7803708904275407
34 0.7970270662857696
35 0.8614729095046724
36 0.9507577591633176
37 0.9394761051663196
38 1.018254006681838
39 1.1123807679271775
40 1.0672541519391854
41 1.084055585145015
42 1.119934150002421
43 1.1368808405558515
44 1.148404590132184
45 1.2704207621168837
46 1.1890282283445504
47 1.2431607998837941
48 1.4484094320437708
49 1.2331864620152035
50 1.3009732242289256
51 1.2203553963104634
52 1.271728078245291
53 1.3496344356752044
54 1.3084297680724348
55 1.3364160170435286
56 1.4027017866653753
57 1.343969399118772
58 1.419600058102939
59 1.5502348327119544
60 1.489953033457609
61 1.5401636566116301
62 1.4607563065898417
63 1.6005907132135768
64 1.8248680579092624
65 1.5560451266159878
66 1.6803369970464337
67 1.5523652738101001
68 1.5880017430881712
69 1.6154553817847284
70 1.6467825497506414
71 1.7805645668910086
72 1.6765118868929454
73 1.8255459255313997
74 1.6814990558272407
75 1.7580980971287463
76 1.7206217014477314
77 1.7726238318888294
78 1.7838570667699607
79 1.7797898610371372
80 1.8717861811843313
81 1.8720282767636662
82 2.0110395584176635
83 1.857357284655982
84 1.8786132765215706
85 1.8615213286205394
86 1.9090204812860114
87 1.8080182055875658
88 1.838231733888539
89 1.8658790490485644
90 1.8628770638648138
91 1.8491744540744686
92 1.9214641940638162
93 1.9026291579915748
94 2.0013557352442746
95 1.8983682757952838
96 2.0808115043819297
