1 0.037979
2 0.019037
3 0.012879
4 0.009829
5 0.011074
6 0.009581
7 0.008157
8 0.007123
9 0.007793
10 0.007236
11 0.006589
12 0.007294
13 0.006709
14 0.006194
15 0.005926
16 0.005458
17 0.007124
18 0.008737
19 0.010543
20 0.010501
21 0.011792
22 0.012688
23 0.013936
24 0.014781
25 0.013807
26 0.014593
27 0.014576
28 0.01431
29 0.016171
30 0.015761
31 0.016062
32 0.014213
33 0.016117
34 0.016461
35 0.017792
36 0.019636
37 0.019403
38 0.02103
39 0.022974
40 0.022042
41 0.022389
42 0.02313
43 0.02348
44 0.023718
45 0.026238
46 0.024557
47 0.025675
48 0.029914
49 0.025469
50 0.026869
51 0.025204
52 0.026265
53 0.027874
54 0.027023
55 0.027601
56 0.02897
57 0.027757
58 0.029319
59 0.032017
60 0.030772
61 0.031809
62 0.030169
63 0.033057
64 0.037689
65 0.032137
66 0.034704
67 0.032061
68 0.032797
69 0.033364
70 0.034011
71 0.036774
72 0.034625
73 0.037703
74 0.034728
75 0.03631
76 0.035536
77 0.03661
78 0.036842
79 0.036758
80 0.038658
81 0.038663
82 0.041534
83 0.03836
84 0.038799
85 0.038446
86 0.039427
87 0.037341
88 0.037965
89 0.038536
90 0.038474
91 0.038191
92 0.039684
93 0.039295
94 0.041334
95 0.039207
96 0.042975
