1 0.605734
2 0.30359
3 0.202702
4 0.153254
5 0.167772
6 0.148204
7 0.117821
8 0.110982
9 0.11698
10 0.11621
11 0.101615
12 0.0976
13 0.11102
14 0.097284
15 0.091811
16 0.086111
17 0.098486
18 0.102877
19 0.098217
20 0.095446
21 0.098405
22 0.089959
23 0.089352
24 0.093056
25 0.090185
26 0.089357
27 0.086585
28 0.083136
29 0.076048
30 0.081987
31 0.074078
32 0.078093
33 0.070557
34 0.073876
35 0.076959
36 0.075685
37 0.079961
38 0.077269
39 0.077227
40 0.078593
41 0.072022
42 0.071726
43 0.072991
44 0.073865
45 0.076746
46 0.077965
47 0.066295
48 0.070622
49 0.069712
50 0.071829
51 0.068553
52 0.064625
53 0.071856
54 0.06188
55 0.064553
56 0.067937
57 0.069635
58 0.064871
59 0.069365
60 0.063077
61 0.059804
62 0.069389
63 0.062558
64 0.059753
65 0.062828
66 0.067075
67 0.062883
68 0.066546
69 0.066982
70 0.063733
71 0.06199
72 0.059629
73 0.064306
74 0.065604
75 0.06269
76 0.063553
77 0.067546
78 0.069872
79 0.064187
80 0.064109
81 0.063283
82 0.066871
83 0.060324
84 0.067946
85 0.06392
86 0.061664
87 0.067877
88 0.06798
89 0.063008
90 0.063113
91 0.063293
92 0.064526
93 0.060342
94 0.06716
95 0.062138
96 0.067998
