1 1.7665806319903175
2 0.8853988946731413
3 0.5911661344182452
4 0.4469545182787232
5 0.48929524476136316
6 0.4322265482596206
7 0.34361666447934436
8 0.3236712017148607
9 0.34116394709596515
10 0.3389182962217653
11 0.2963530046517054
12 0.28464353937909215
13 0.32378202604371725
14 0.2837219475917582
15 0.26776032780669906
16 0.251136678478207
17 0.2872274960992753
18 0.30003353894162765
19 0.2864429765081587
20 0.2783615497907462
21 0.2869912652930283
22 0.2623590999897925
23 0.2605888271577934
24 0.2713912827916065
25 0.2630182131035187
26 0.2606034093063272
27 0.2525190661592079
28 0.24246030010061684
29 0.22178864633915163
30 0.23910932236755766
31 0.21604327981684823
32 0.22775274508946147
33 0.20577453081937092
34 0.2154541610160841
35 0.2244455138020036
36 0.2207299823556003
37 0.23320063578167607
38 0.22534960701109702
39 0.2252271169634134
40 0.22921095994283797
41 0.21004710033976406
42 0.20918383714656516
43 0.2128731207256077
44 0.21542208028930984
45 0.2238243142744652
46 0.22737944208699712
47 0.1933447074091897
48 0.20596409875030988
49 0.20331014771716463
50 0.20948422940636074
51 0.19993000568703795
52 0.1884742697989122
53 0.20956297300844307
54 0.1804686702538752
55 0.18826428686002597
56 0.19813348498767808
57 0.2030855826297447
58 0.1891917115067734
59 0.20229814660892134
60 0.18395963661285852
61 0.174414162182656
62 0.20236814092188346
63 0.18244600959505375
64 0.1742654242676116
65 0.18323344561587704
66 0.195619522580457
67 0.18339384924974844
68 0.19407673126558467
69 0.19534829461772898
70 0.1858728145004885
71 0.18078947752161806
72 0.1739037869839742
73 0.18754392872245798
74 0.19132945448182334
75 0.18283097831634512
76 0.18534785715327295
77 0.19699316097233766
78 0.20377677647024514
79 0.18719687358735435
80 0.18696939207022764
81 0.18456042113244966
82 0.1950245709202794
83 0.17593070563016755
84 0.19815973285503888
85 0.18641818685565134
86 0.17983872143721655
87 0.19795849920527292
88 0.19825889146506845
89 0.18375840296309257
90 0.18406462808230165
91 0.1845895854295172
92 0.18818554325794362
93 0.1759832013648891
94 0.19586741910553102
95 0.18122110911821748
96 0.19831138719979002
